15 17 30 37 0
17 15 30 37 0
15 17 37 30 0
17 15 37 30 0
15 17 31 36 0
17 15 31 36 0
15 17 36 31 0
17 15 36 31 0
15 17 32 35 0
17 15 32 35 0
15 17 35 32 0
17 15 35 32 0
15 17 33 34 0
17 15 33 34 0
15 17 34 33 0
17 15 34 33 0
16 16 30 37 0
16 16 37 30 0
16 16 31 36 0
16 16 36 31 0
16 16 32 35 0
16 16 35 32 0
16 16 33 34 0
16 16 34 33 0
