15 18 30 36 0
18 15 30 36 0
15 18 36 30 0
18 15 36 30 0
15 18 31 35 0
18 15 31 35 0
15 18 35 31 0
18 15 35 31 0
15 18 32 34 0
18 15 32 34 0
15 18 34 32 0
18 15 34 32 0
15 18 33 33 0
18 15 33 33 0
16 17 30 36 0
17 16 30 36 0
16 17 36 30 0
17 16 36 30 0
16 17 31 35 0
17 16 31 35 0
16 17 35 31 0
17 16 35 31 0
16 17 32 34 0
17 16 32 34 0
16 17 34 32 0
17 16 34 32 0
16 17 33 33 0
17 16 33 33 0
