15 18 30 37 0
18 15 30 37 0
15 18 37 30 0
18 15 37 30 0
15 18 31 36 0
18 15 31 36 0
15 18 36 31 0
18 15 36 31 0
15 18 32 35 0
18 15 32 35 0
15 18 35 32 0
18 15 35 32 0
15 18 33 34 0
18 15 33 34 0
15 18 34 33 0
18 15 34 33 0
16 17 30 37 0
17 16 30 37 0
16 17 37 30 0
17 16 37 30 0
16 17 31 36 0
17 16 31 36 0
16 17 36 31 0
17 16 36 31 0
16 17 32 35 0
17 16 32 35 0
16 17 35 32 0
17 16 35 32 0
16 17 33 34 0
17 16 33 34 0
16 17 34 33 0
17 16 34 33 0
