15 18 30 35 0
18 15 30 35 0
15 18 35 30 0
18 15 35 30 0
15 18 31 34 0
18 15 31 34 0
15 18 34 31 0
18 15 34 31 0
15 18 32 33 0
18 15 32 33 0
15 18 33 32 0
18 15 33 32 0
16 17 30 35 0
17 16 30 35 0
16 17 35 30 0
17 16 35 30 0
16 17 31 34 0
17 16 31 34 0
16 17 34 31 0
17 16 34 31 0
16 17 32 33 0
17 16 32 33 0
16 17 33 32 0
17 16 33 32 0
