15 17 30 36 0
17 15 30 36 0
15 17 36 30 0
17 15 36 30 0
15 17 31 35 0
17 15 31 35 0
15 17 35 31 0
17 15 35 31 0
15 17 32 34 0
17 15 32 34 0
15 17 34 32 0
17 15 34 32 0
15 17 33 33 0
17 15 33 33 0
16 16 30 36 0
16 16 36 30 0
16 16 31 35 0
16 16 35 31 0
16 16 32 34 0
16 16 34 32 0
16 16 33 33 0
